    0.28      28.91
    0.95      28.68
    1.60      28.91
    2.27      29.07
    2.91      28.84
    3.57      29.24
    4.23      29.36
    4.87      29.10
    5.53      28.98
    6.20      28.94
    6.85      28.94
    7.49      28.91
    8.15      28.92
    8.82      28.94
    9.48      28.92
    10.11      28.93
    10.78      28.95
    11.44      28.95
    12.08      28.92
    12.74      28.89
    13.40      28.90
    14.07      28.91
    14.70      28.89
    15.36      28.90
    16.02      28.91
    16.69      28.88
    17.32      28.85
    17.99      28.80
    18.65      28.69
    19.28      28.60
    19.95      28.56
    20.61      28.51
    21.27      28.47
    21.91      28.42
    22.57      28.34
    23.23      28.26
    23.87      28.19
    24.53      28.06
    25.19      27.90
    25.85      27.80
    26.49      27.77
    27.15      27.75
    27.82      27.71
    28.48      27.67
    29.11      27.64
    29.78      27.57
    30.44      27.44
    31.08      27.29
    31.74      27.16
    32.40      27.00
    33.06      26.76
    33.70      26.49
    34.36      26.32
    35.02      26.22
    35.69      26.18
    36.32      26.16
    36.98      26.13
    37.64      26.12
    38.28      26.02
    38.94      25.77
    39.60      25.51
    40.27      25.31
    40.90      25.16
    41.57      25.09
    42.23      25.01
    42.86      24.92
    43.53      24.84
    44.19      24.75
    44.85      24.59
    45.49      24.38
    46.15      24.20
    46.81      24.02
    47.47      23.90
    48.11      23.84
    48.77      23.82
    49.43      23.81
    50.07      23.78
    50.73      23.75
    51.39      23.73
    52.05      23.72
    52.69      23.68
    53.35      23.65
    54.01      23.60
    54.68      23.46
    55.31      23.31
    55.98      23.20
    56.63      23.14
    57.27      23.07
    57.94      23.03
    58.59      23.01
    59.26      22.99
    59.89      22.94
    60.56      22.84
    61.21      22.75
    61.88      22.63
    62.52      22.50
    63.18      22.40
    63.84      22.32
    64.47      22.23
    65.14      22.13
    65.80      22.04
    66.46      21.98
    67.10      21.92
    67.76      21.85
    68.42      21.80
    69.05      21.75
    69.72      21.67
    70.38      21.57
    71.04      21.46
    71.68      21.36
    72.34      21.28
    73.00      21.21
    73.66      21.13
    74.30      20.98
    74.96      20.85
    75.62      20.78
    76.26      20.68
    76.92      20.51
    77.58      20.31
    78.25      20.18
    78.88      20.08
    79.54      20.01
    80.20      19.96
    80.86      19.91
    81.50      19.89
    82.16      19.88
    82.83      19.85
    83.46      19.82
    84.12      19.78
    84.78      19.77
    85.44      19.76
    86.08      19.74
    86.74      19.73
    87.41      19.72
    88.04      19.70
    88.70      19.68
    89.36      19.65
    90.02      19.62
    90.66      19.59
    91.32      19.58
    91.98      19.54
    92.64      19.49
    93.28      19.48
    93.94      19.47
    94.60      19.43
    95.24      19.38
    95.90      19.33
    96.56      19.32
    97.22      19.31
    97.86      19.31
    98.52      19.28
    99.18      19.26
    99.85      19.24
    100.48      19.23
    101.14      19.21
    101.81      19.19
    102.44      19.20
    103.10      19.20
    103.76      19.21
    104.42      19.21
    105.06      19.20
    105.72      19.19
    106.38      19.19
    107.04      19.19
    107.68      19.18
    108.34      19.15
    109.00      19.13
    109.64      19.07
    110.30      19.01
    110.96      18.97
    111.62      18.95
    112.26      18.93
    112.92      18.92
    113.58      18.92
    114.22      18.87
    114.88      18.84
    115.54      18.82
    116.20      18.79
    116.84      18.75
    117.50      18.71
    118.16      18.69
    118.82      18.68
    119.45      18.67
    120.12      18.66
    120.77      18.65
    121.41      18.64
    122.08      18.63
    122.73      18.62
    123.40      18.61
    124.03      18.60
    124.69      18.59
    125.35      18.57
    126.02      18.53
    126.65      18.49
    127.31      18.45
    127.98      18.42
    128.61      18.39
    129.27      18.39
    129.93      18.36
    130.59      18.33
    131.23      18.31
    131.89      18.26
    132.55      18.23
    133.19      18.21
    133.85      18.21
    134.51      18.19
    135.17      18.17
    135.81      18.17
    136.46      18.12
    137.13      18.07
    137.79      18.04
    138.42      18.01
    139.09      18.00
    139.74      17.96
    140.38      17.92
    141.04      17.90
    141.70      17.89
    142.37      17.89
    143.00      17.88
    143.66      17.87
    144.32      17.85
    144.98      17.83
    145.62      17.79
    146.28      17.75
    146.94      17.73
    147.57      17.70
    148.24      17.69
    148.90      17.67
    149.56      17.63
    150.20      17.59
    150.85      17.54
    151.52      17.52
    152.15      17.50
    152.81      17.47
    153.47      17.45
    154.13      17.40
    154.77      17.37
    155.43      17.33
    156.09      17.27
    156.75      17.21
    157.39      17.11
    158.05      17.01
    158.71      16.93
    159.35      16.87
    160.00      16.82
    160.67      16.76
    161.33      16.67
    161.96      16.58
    162.63      16.53
    163.28      16.49
    163.95      16.43
    164.58      16.39
    165.24      16.35
    165.91      16.32
    166.54      16.27
    167.20      16.17
    167.86      16.08
    168.52      16.01
    169.15      15.99
    169.82      15.95
    170.48      15.90
    171.14      15.86
    171.77      15.83
    172.43      15.80
    173.10      15.78
    173.73      15.75
    174.39      15.73
    175.05      15.72
    175.71      15.73
    176.35      15.72
    177.01      15.71
    177.67      15.69
    178.31      15.67
    178.96      15.65
    179.63      15.61
    180.28      15.56
    180.92      15.51
    181.59      15.46
    182.24      15.37
    182.91      15.23
    183.54      15.13
    184.20      15.09
    184.86      15.08
    185.49      15.06
    186.16      15.05
    186.82      15.04
    187.48      15.03
    188.11      15.02
    188.77      15.00
    189.43      14.98
    190.09      14.96
    190.73      14.95
    191.39      14.95
    192.05      14.94
    192.68      14.92
    193.35      14.90
    194.01      14.88
    194.67      14.86
    195.30      14.85
    195.96      14.84
    196.62      14.84
    197.26      14.84
    197.92      14.84
    198.58      14.84
    199.24      14.82
    199.88      14.80
    200.53      14.79
    201.20      14.78
    201.86      14.78
    202.49      14.78
    203.15      14.76
    203.81      14.74
    204.45      14.73
    205.10      14.72
    205.77      14.71
    206.43      14.68
    207.06      14.66
    207.72      14.63
    208.38      14.62
    209.04      14.61
    209.68      14.60
    210.34      14.59
    211.00      14.57
    211.63      14.56
    212.30      14.56
    212.95      14.56
    213.62      14.56
    214.25      14.54
    214.91      14.52
    215.57      14.48
    216.20      14.45
    216.87      14.44
    217.53      14.42
    218.19      14.41
    218.82      14.39
    219.48      14.35
    220.14      14.33
    220.80      14.31
    221.44      14.30
    222.10      14.28
    222.76      14.27
    223.39      14.26
    224.05      14.24
    224.71      14.24
    225.37      14.22
    226.01      14.20
    226.67      14.19
    227.33      14.19
    227.99      14.19
    228.62      14.18
    229.28      14.17
    229.95      14.17
    230.58      14.17
    231.24      14.18
    231.90      14.17
    232.56      14.16
    233.20      14.14
    233.85      14.13
    234.52      14.12
    235.15      14.11
    235.81      14.11
    236.47      14.10
    237.13      14.09
    237.77      14.08
    238.42      14.07
    239.09      14.06
    239.74      14.03
    240.38      14.01
    241.04      13.99
    241.70      13.95
    242.34      13.92
    242.99      13.86
    243.66      13.79
    244.31      13.75
    244.95      13.72
    245.61      13.68
    246.27      13.65
    246.93      13.63
    247.56      13.61
    248.23      13.57
    248.88      13.53
    249.52      13.50
    250.18      13.49
    250.84      13.47
    251.50      13.47
    252.13      13.47
    252.79      13.46
    253.46      13.46
    254.11      13.45
    254.75      13.45
    255.41      13.44
    256.07      13.44
    256.70      13.44
    257.36      13.44
    258.03      13.44
    258.68      13.43
    259.32      13.43
    259.97      13.42
    260.64      13.42
    261.27      13.42
    261.93      13.41
    262.59      13.42
    263.25      13.41
    263.89      13.40
    264.54      13.40
    265.21      13.38
    265.87      13.36
    266.50      13.31
    267.16      13.25
    267.82      13.22
    268.45      13.16
    269.12      13.11
    269.77      13.07
    270.44      13.04
    271.07      13.02
    271.73      13.00
    272.38      12.98
    273.05      12.93
    273.68      12.90
    274.34      12.86
    275.00      12.82
    275.63      12.80
    276.30      12.80
    276.95      12.79
    277.61      12.76
    278.25      12.75
    278.91      12.75
    279.57      12.73
    280.20      12.73
    280.86      12.71
    281.53      12.69
    282.18      12.65
    282.82      12.63
    283.47      12.63
    284.14      12.62
    284.79      12.62
    285.43      12.62
    286.09      12.61
    286.75      12.61
    287.38      12.61
    288.04      12.61
    288.70      12.60
    289.37      12.60
    290.00      12.61
    290.66      12.60
    291.31      12.61
    291.98      12.60
    292.61      12.58
    293.27      12.57
    293.93      12.55
    294.56      12.53
    295.22      12.49
    295.88      12.47
    296.54      12.47
    297.18      12.46
    297.83      12.45
    298.50      12.43
    299.13      12.43
    299.79      12.42
    300.45      12.42
    301.11      12.42
    301.74      12.41
    302.40      12.41
    303.06      12.40
    303.72      12.39
    304.35      12.38
    305.02      12.38
    305.67      12.39
    306.31      12.37
    306.97      12.36
    307.63      12.33
    308.28      12.30
    308.92      12.28
    309.58      12.26
    310.24      12.24
    310.90      12.23
    311.53      12.23
    312.19      12.24
    312.85      12.23
    313.48      12.23
    314.15      12.23
    314.80      12.22
    315.46      12.21
    316.09      12.21
    316.76      12.21
    317.42      12.18
    318.08      12.17
    318.71      12.15
    319.37      12.10
    320.03      12.07
    320.67      12.05
    321.32      12.03
    321.98      12.02
    322.64      12.00
    323.28      12.00
    323.93      11.99
    324.59      11.97
    325.23      11.96
    325.89      11.94
    326.55      11.91
    327.20      11.90
    327.84      11.89
    328.49      11.88
    329.16      11.87
    329.82      11.84
    330.45      11.78
    331.11      11.71
    331.77      11.65
    332.40      11.59
    333.06      11.54
    333.72      11.52
    334.38      11.51
    335.01      11.48
    335.67      11.46
    336.33      11.43
    336.99      11.39
    337.63      11.37
    338.28      11.36
    338.95      11.35
    339.58      11.33
    340.24      11.31
    340.89      11.30
    341.55      11.27
    342.19      11.24
    342.85      11.23
    343.51      11.24
    344.14      11.23
    344.80      11.23
    345.46      11.23
    346.12      11.22
    346.75      11.21
    347.41      11.21
    348.07      11.20
    348.73      11.20
    349.36      11.19
    350.02      11.19
    350.68      11.18
    351.32      11.17
    351.97      11.16
    352.63      11.12
    353.30      11.08
    353.92      11.04
    354.59      11.01
    355.24      10.99
    355.90      10.97
    356.53      10.95
    357.20      10.93
    357.86      10.90
    358.49      10.89
    359.15      10.88
    359.80      10.87
    360.47      10.86
    361.10      10.86
    361.76      10.85
    362.42      10.84
    363.07      10.83
    363.71      10.80
    364.37      10.77
    365.03      10.75
    365.66      10.74
    366.32      10.72
    366.98      10.71
    367.64      10.69
    368.27      10.66
    368.93      10.63
    369.59      10.61
    370.22      10.60
    370.88      10.58
    371.54      10.57
    372.20      10.56
    372.83      10.54
    373.49      10.53
    374.15      10.52
    374.81      10.50
    375.44      10.49
    376.10      10.48
    376.76      10.48
    377.39      10.48
    378.05      10.47
    378.71      10.46
    379.37      10.43
    380.00      10.42
    380.66      10.42
    381.32      10.40
    381.98      10.38
    382.61      10.35
    383.27      10.35
    383.93      10.34
    384.57      10.33
    385.22      10.32
    385.88      10.30
    386.54      10.28
    387.17      10.27
    387.83      10.26
    388.49      10.24
    389.13      10.23
    389.78      10.20
    390.44      10.16
    391.10      10.13
    391.73      10.11
    392.39      10.11
    393.05      10.10
    393.71      10.09
    394.34      10.10
    395.00      10.10
    395.66      10.11
    396.29      10.11
    396.95      10.10
    397.61      10.09
    398.27      10.09
    398.90      10.09
    399.56      10.09
    400.22      10.09
    400.88      10.09
    401.51      10.09
    402.17      10.07
    402.83      10.07
    403.46      10.07
    404.12      10.07
    404.78      10.07
    405.44      10.07
    406.07      10.07
    406.73      10.07
    407.39      10.07
    408.04      10.06
    408.68      10.05
    409.34      10.04
    410.00      10.03
    410.63      10.01
    411.29      9.99
    411.95      9.98
    412.60      9.94
    413.24      9.89
    413.90      9.86
    414.55      9.85
    415.19      9.83
    415.84      9.82
    416.51      9.82
    417.17      9.82
    417.80      9.81
    418.46      9.80
    419.11      9.78
    419.77      9.76
    420.41      9.75
    421.06      9.74
    421.72      9.73
    422.35      9.72
    423.01      9.71
    423.67      9.69
    424.33      9.66
    424.97      9.64
    425.62      9.63
    426.28      9.61
    426.94      9.58
    427.57      9.56
    428.23      9.53
    428.89      9.51
    429.52      9.49
    430.18      9.47
    430.84      9.44
    431.49      9.42
    432.13      9.42
    432.79      9.41
    433.44      9.41
    434.08      9.40
    434.73      9.38
    435.40      9.35
    436.05      9.35
    436.69      9.34
    437.35      9.34
    438.00      9.34
    438.66      9.34
    439.29      9.34
    439.95      9.34
    440.61      9.34
    441.24      9.33
    441.90      9.31
    442.56      9.31
    443.22      9.30
    443.85      9.30
    444.51      9.31
    445.17      9.30
    445.80      9.29
    446.46      9.28
    447.11      9.28
    447.77      9.28
    448.41      9.28
    449.06      9.28
    449.73      9.28
    450.38      9.28
    451.01      9.28
    451.67      9.27
    452.33      9.27
    452.97      9.26
    453.62      9.26
    454.28      9.25
    454.94      9.24
    455.57      9.23
    456.23      9.20
    456.89      9.16
    457.55      9.12
    458.18      9.09
    458.84      9.07
    459.49      9.06
    460.13      9.07
    460.79      9.06
    461.44      9.06
    462.10      9.07
    462.73      9.08
    463.39      9.09
    464.05      9.07
    464.68      9.05
    465.34      9.04
    466.00      9.03
    466.66      9.03
    467.28      9.03
    467.95      9.03
    468.61      9.02
    469.26      9.02
    469.90      9.02
    470.55      9.01
    471.21      8.99
    471.85      8.95
    472.50      8.91
    473.16      8.89
    473.82      8.89
    474.45      8.88
    475.10      8.86
    475.77      8.84
    476.42      8.83
    477.05      8.83
    477.72      8.83
    478.37      8.82
    479.00      8.81
    479.66      8.80
    480.32      8.81
    480.98      8.81
    481.61      8.80
    482.27      8.79
    482.92      8.80
    483.56      8.80
    484.22      8.80
    484.87      8.79
    485.53      8.77
    486.16      8.76
    486.82      8.76
    487.48      8.76
    488.14      8.75
    488.77      8.75
    489.43      8.76
    490.09      8.75
    490.71      8.74
    491.38      8.74
    492.04      8.74
    492.69      8.73
    493.32      8.72
    493.98      8.69
    494.64      8.66
    495.29      8.65
    495.93      8.64
    496.59      8.63
    497.24      8.60
    497.88      8.59
    498.53      8.59
    499.19      8.58
    499.85      8.57
    500.48      8.56
    501.14      8.55
    501.80      8.53
    502.43      8.53
    503.08      8.54
    503.74      8.53
    504.41      8.54
    505.03      8.53
    505.69      8.52
    506.35      8.51
    507.01      8.51
    507.64      8.51
    508.30      8.50
    508.96      8.51
    509.59      8.51
    510.25      8.50
    510.90      8.49
    511.56      8.48
    512.19      8.45
    512.85      8.42
    513.51      8.40
    514.16      8.40
    514.80      8.38
    515.45      8.35
    516.11      8.30
    516.75      8.26
    517.40      8.24
    518.06      8.23
    518.71      8.22
    519.35      8.20
    520.01      8.20
    520.66      8.20
    521.30      8.19
    521.95      8.19
    522.61      8.19
    523.27      8.19
    523.90      8.18
    524.56      8.18
    525.21      8.18
    525.87      8.16
    526.50      8.15
    527.16      8.13
    527.82      8.12
    528.45      8.11
    529.11      8.10
    529.76      8.10
    530.42      8.09
    531.05      8.09
    531.71      8.08
    532.37      8.06
    533.03      8.04
    533.66      8.04
    534.31      8.04
    534.98      8.03
    535.61      8.03
    536.26      8.04
    536.92      8.04
    537.58      8.04
    538.21      8.04
    538.86      8.04
    539.53      8.03
    540.16      8.03
    540.81      8.03
    541.47      8.03
    542.13      8.03
    542.76      8.03
    543.41      8.02
    544.07      8.01
    544.73      8.00
    545.36      8.00
    546.02      7.98
    546.68      7.98
    547.31      7.98
    547.97      7.96
    548.62      7.96
    549.28      7.96
    549.91      7.94
    550.57      7.93
    551.23      7.92
    551.89      7.92
    552.52      7.91
    553.17      7.91
    553.83      7.91
    554.46      7.88
    555.12      7.86
    555.78      7.85
    556.43      7.83
    557.07      7.82
    557.72      7.81
    558.38      7.82
    559.01      7.81
    559.67      7.81
    560.33      7.81
    560.98      7.81
    561.62      7.80
    562.27      7.80
    562.93      7.81
    563.58      7.80
    564.22      7.81
    564.88      7.81
    565.53      7.80
    566.17      7.79
    566.82      7.79
    567.48      7.79
    568.14      7.78
    568.77      7.78
    569.43      7.77
    570.08      7.77
    570.74      7.77
    571.37      7.76
    572.03      7.75
    572.69      7.74
    573.31      7.73
    573.97      7.73
    574.63      7.73
    575.29      7.74
    575.92      7.74
    576.57      7.73
    577.23      7.72
    577.86      7.72
    578.52      7.72
    579.17      7.72
    579.83      7.72
    580.47      7.71
    581.12      7.69
    581.78      7.69
    582.43      7.69
    583.07      7.69
    583.73      7.68
    584.38      7.68
    585.02      7.68
    585.67      7.68
    586.33      7.68
    586.98      7.68
    587.62      7.67
    588.28      7.65
    588.93      7.64
    589.56      7.64
    590.22      7.63
    590.88      7.62
    591.53      7.62
    592.16      7.60
    592.82      7.60
    593.48      7.60
    594.13      7.60
    594.76      7.59
    595.42      7.59
    596.08      7.59
    596.71      7.58
    597.37      7.58
    598.02      7.57
    598.68      7.56
    599.31      7.55
    599.97      7.55
    600.63      7.56
    601.28      7.55
    601.91      7.55
    602.57      7.55
    603.23      7.54
    603.86      7.53
    604.51      7.53
    605.17      7.53
    605.83      7.52
    606.46      7.52
    607.12      7.52
    607.77      7.51
    608.41      7.52
    609.06      7.51
    609.72      7.50
    610.37      7.49
    611.01      7.49
    611.66      7.48
    612.32      7.47
    612.98      7.47
    613.60      7.47
    614.26      7.45
    614.92      7.45
    615.55      7.45
    616.21      7.45
    616.86      7.44
    617.52      7.43
    618.15      7.43
    618.81      7.42
    619.47      7.42
    620.12      7.42
    620.75      7.40
    621.41      7.39
    622.07      7.38
    622.70      7.40
    623.35      7.39
    624.01      7.39
    624.67      7.40
    625.30      7.38
    625.95      7.39
    626.61      7.39
    627.24      7.38
    627.90      7.36
    628.56      7.36
    629.21      7.37
    629.84      7.36
    630.50      7.37
    631.16      7.36
    631.81      7.35
    632.44      7.35
    633.10      7.35
    633.75      7.36
    634.39      7.36
    635.05      7.35
    635.70      7.35
    636.36      7.34
    636.98      7.33
    637.64      7.32
    638.30      7.31
    638.93      7.28
    639.59      7.27
    640.24      7.26
    640.90      7.24
    641.53      7.23
    642.19      7.21
    642.85      7.20
    643.50      7.18
    644.13      7.18
    644.79      7.18
    645.44      7.17
    646.07      7.17
    646.73      7.17
    647.39      7.16
    648.04      7.15
    648.68      7.15
    649.33      7.16
    649.99      7.15
    650.64      7.16
    651.27      7.16
    651.93      7.16
    652.59      7.16
    653.22      7.16
    653.87      7.15
    654.53      7.14
    655.19      7.14
    655.82      7.15
    656.47      7.14
    657.13      7.14
    657.76      7.14
    658.42      7.13
    659.07      7.11
    659.73      7.10
    660.36      7.09
    661.02      7.07
    661.67      7.06
    662.33      7.06
    662.96      7.04
    663.61      7.03
    664.27      7.02
    664.90      7.01
    665.56      7.00
    666.21      6.99
    666.87      7.00
    667.50      6.98
    668.16      6.98
    668.81      6.96
    669.47      6.95
    670.10      6.94
    670.76      6.93
    671.41      6.93
    672.04      6.92
    672.70      6.91
    673.36      6.89
    674.01      6.86
    674.64      6.85
    675.30      6.84
    675.95      6.84
    676.59      6.83
    677.24      6.83
    677.90      6.84
    678.55      6.84
    679.18      6.84
    679.84      6.84
    680.49      6.84
    681.15      6.84
    681.78      6.84
    682.44      6.84
    683.10      6.83
    683.72      6.83
    684.38      6.84
    685.03      6.84
    685.69      6.84
    686.33      6.84
    686.98      6.83
    687.64      6.83
    688.29      6.82
    688.92      6.82
    689.57      6.82
    690.23      6.82
    690.87      6.81
    691.52      6.81
    692.18      6.80
    692.83      6.80
    693.46      6.79
    694.12      6.78
    694.77      6.78
    695.41      6.78
    696.06      6.77
    696.72      6.77
    697.37      6.76
    698.00      6.76
    698.66      6.75
    699.31      6.75
    699.97      6.75
    700.60      6.75
    701.26      6.75
    701.91      6.75
    702.54      6.74
    703.20      6.73
    703.85      6.73
    704.51      6.73
    705.14      6.72
    705.80      6.72
    706.45      6.72
    707.11      6.71
    707.74      6.71
    708.39      6.70
    709.05      6.69
    709.68      6.68
    710.33      6.68
    710.99      6.69
    711.64      6.68
    712.28      6.68
    712.93      6.68
    713.59      6.68
    714.22      6.67
    714.87      6.67
    715.53      6.66
    716.18      6.63
    716.82      6.60
    717.47      6.58
    718.13      6.57
    718.79      6.56
    719.41      6.55
    720.07      6.54
    720.72      6.52
    721.35      6.52
    722.01      6.53
    722.66      6.52
    723.32      6.52
    723.95      6.52
    724.61      6.52
    725.26      6.52
    725.89      6.51
    726.55      6.51
    727.20      6.50
    727.86      6.50
    728.49      6.50
    729.15      6.49
    729.80      6.50
    730.46      6.50
    731.09      6.49
    731.74      6.49
    732.40      6.49
    733.02      6.49
    733.68      6.48
    734.34      6.49
    734.99      6.50
    735.63      6.49
    736.28      6.49
    736.94      6.48
    737.59      6.48
    738.22      6.47
    738.88      6.47
    739.53      6.48
    740.16      6.47
    740.81      6.47
    741.47      6.46
    742.13      6.46
    742.76      6.46
    743.41      6.45
    744.07      6.46
    744.70      6.45
    745.35      6.46
    746.01      6.46
    746.67      6.45
    747.29      6.45
    747.95      6.45
    748.60      6.44
    749.26      6.44
    749.89      6.43
    750.55      6.43
    751.20      6.43
    751.83      6.42
    752.49      6.42
    753.14      6.40
    753.80      6.38
    754.43      6.36
    755.08      6.35
    755.74      6.34
    756.39      6.34
    757.02      6.34
    757.68      6.34
    758.33      6.34
    758.97      6.34
    759.62      6.33
    760.27      6.32
